start=236.000000
speed=1.000130
volume=70.191406
