start=67.680000
volume=50.000000
aid=1
